
# Base GEE


1639-nodes_8082-edges.npy

0.01625904000002265
0.016049027999997634
0.01609054600021409
0.016023454000333004
0.016074914999990142
0.01601342599997224
0.016016372999729356


3277-nodes_16403-edges.npy

0.03228944500006037
0.03228393100016547
0.03157223000016529
0.032238977999895724
0.03200364099984654
0.03234434099977079
0.03221483700008321


6554-nodes_32771-edges.npy

0.06452918800005136
0.06395744800011016
0.0637778730001628
0.06320361799998864
0.06382202900022094
0.06295607600031872
0.06352991099993233


13108-nodes_65841-edges.npy

0.12825344000020777
0.1266661589997966
0.12705095299997993
0.1267670300003374
0.12811520800005383
0.12633423299985225
0.12767427399967346


26215-nodes_130928-edges.npy

0.2566590589999578
0.2566688030001387
0.25374476800016055
0.25553192000006675
0.25105433199996696
0.2570196650003709
0.25390399400021124


52429-nodes_262273-edges.npy

0.5151136469999074
0.5076853579998897
0.5179534839999178
0.510479776000011
0.5163458349998109
0.5104082699999708
0.5164356150003186


104858-nodes_524213-edges.npy

1.0320202240000071
1.0359230819999539
1.0348990150000645
1.03248372500002
1.0330151599996498
1.0370645120001427
1.0345855600003233


209716-nodes_1049713-edges.npy

2.080178141000033
2.0855512029997954
2.0826079720000052
2.080167570999947
2.092108959000143
2.079788974999701
2.0871248250000463


419431-nodes_2096818-edges.npy

4.177538059000199
4.189308029000131
4.186666501999753
4.192564107999715
4.192335853000259
4.190351788000044
4.19317206300002


838861-nodes_4198931-edges.npy

8.438090369999827
8.429137663999882
8.410138791999998
8.429927844000304
8.440041255999859
8.445191535000049
8.449319969000044


1677722-nodes_8388555-edges.npy

16.98677945999998
16.961346709999816
16.970110568999644
16.909174953000274
16.92756267300001
16.946591661000184
16.913153684999997


3355444-nodes_16773419-edges.npy

34.13151385499987
34.03694381100013
34.15968984700021
33.97662695300005
34.02958039699979
34.043607863000034
33.91085701899965


6710887-nodes_33558661-edges.npy

68.77491336199955
69.18147977999979
68.64982210300059
68.90280129700022
68.88046023799961
68.91784031800034
68.94160354400083


13421773-nodes_67118838-edges.npy

138.974650612
139.8466383319992
139.38329000799968
139.49706361500012
138.56732410800032
138.98919015699994
139.06161521899958


26843546-nodes_134208713-edges.npy

279.1139732470001
280.723256753
280.1176455750001
280.09900985400054
280.4156670399998
280.1052811190002
280.4295128399999


53687092-nodes_268453346-edges.npy

563.7292427969996
564.2095877150005
564.757414448999
565.0221960569997
564.3900773269997
564.0406189509995
564.0055990180008


107374183-nodes_536841980-edges.npy

1082.3699408049997
1085.9546734930004
1084.7407440460001
1083.4419424059997
1082.692383007
1084.7436634410005
1083.6502439470005


214748365-nodes_1073796575-edges.npy

2198.0943059069996


214748365-nodes_1073796575-edges.npy

2439.238814687
2444.365577611001
2431.1265030349987
2448.6918419910016
2443.5213845120015
2428.2939600400023
2445.227346869


# Numba Serial


1639-nodes_8082-edges.npy

4.165859652999927
0.0011745100000553066
0.00089434800008803
0.0008802279999144957
0.0007597310000164725
0.0010118209999063765
0.0007875850000118589


3277-nodes_16403-edges.npy

0.0037491350000209422
0.001764417999993384
0.0016243750000057844
0.0015831629999638608
0.0014128589999700125
0.0017106069999499596
0.0014154059999782476


6554-nodes_32771-edges.npy

0.006963261000009879
0.002554660999976477
0.0031637189999855764
0.002710550999950101
0.00309629399998812
0.0027798849999953745
0.0030962089999775344


13108-nodes_65841-edges.npy

0.008844121000038285
0.004735920000030092
0.006199700000024677
0.005436186999986603
0.005926921999957813
0.005277295000041704
0.0060094939999544295


26215-nodes_130928-edges.npy

0.016382317000079638
0.013713003000020763
0.009448938999980783
0.0133319770000071
0.01169993999997132
0.013155249999954322
0.011687515000062376


52429-nodes_262273-edges.npy

0.03522535000001881
0.02242814000010185
0.030370334999929582
0.026755471000001307
0.0304268109999839
0.026917783000044437
0.030471476999991864


104858-nodes_524213-edges.npy

0.06872947000010754
0.06275630100003582
0.06235979099994893
0.06253033500001948
0.062260813000079906
0.062407780000057755
0.06255686299994068


209716-nodes_1049713-edges.npy

0.14204439399998137
0.1316854169999715
0.13018270899999607
0.13042217800000344
0.1309058909999976
0.1300024449999455
0.13053974399997514


419431-nodes_2096818-edges.npy

0.28052926799989564
0.266975789000071
0.2666569589999881
0.26648540700000467
0.26704230999996525
0.26768633199992564
0.2669728319999649


838861-nodes_4198931-edges.npy

0.5616017330000886
0.5378932380000379
0.5365730960000974
0.535184307999998
0.5330350090000593
0.5335420789999716
0.533869510000045


1677722-nodes_8388555-edges.npy

1.1358275090000234
1.080264656000054
1.078630541999928
1.0789759010000353
1.0809699479999608
1.0805750690000195
1.0791422119999652


3355444-nodes_16773419-edges.npy

2.328231086999949
2.2330601200000046
2.228430537999998
2.2342450920000374
2.2323868029999403
2.2330346570000756
2.249715576999961


6710887-nodes_33558661-edges.npy

4.89391994999994
4.71393729600004
4.721451055999978
4.710133910999957
4.715146223000033
4.716126658000007
4.717120425000076


13421773-nodes_67118838-edges.npy

10.2179186730001
9.965677010999912
9.871950518000062
9.864056656000002
9.864332107999985
9.86654223800008
9.867198869999925


26843546-nodes_134208713-edges.npy

20.96766952400003
20.313630387000103
20.30166086600002
20.297946155999966
20.315483854000036
20.297538731999907
20.294323583999926


53687092-nodes_268453346-edges.npy

43.59864239299998
42.17476474800014
42.13811498700011
42.13910553300002
42.15379026100004
42.12880082600009
42.153853818000016


107374183-nodes_536841980-edges.npy

91.63563738300013
89.08218695999994
89.13203720799993
89.10444154200013
89.00624706999997
89.03506799900015
89.04640816100027


214748365-nodes_1073796575-edges.npy



214748365-nodes_1073796575-edges.npy



214748365-nodes_1073796575-edges.npy

# Numba Parallel

1639-nodes_8082-edges.npy

8.897261710999999
0.0007876689999761766
0.0005429949999893324
0.0005162850000033359
0.0005091230000289215
0.0005282449999981509
0.0005074759999956768


3277-nodes_16403-edges.npy

0.0026892689999726826
0.001435479999997824
0.0013362459999939347
0.0013973000000078173
0.0013745809999932135
0.0013868360000515167
0.001419333999990613


6554-nodes_32771-edges.npy

0.00366179499997088
0.0020246490000204176
0.0023182539999879737
0.0018779289999883986
0.002342935999990914
0.0018900659999872005
0.002379560000008496


13108-nodes_65841-edges.npy

0.005662914999959412
0.0028608740000208854
0.0030931690000102208
0.0030665769999700387
0.002997617000005448
0.0030470659999650707
0.003038387000003695


26215-nodes_130928-edges.npy

0.007904230999997708
0.005158031000007668
0.004939270000022589
0.005131316000017705
0.004983715999969718
0.005133643999954529
0.00497512099997266


52429-nodes_262273-edges.npy

0.013156921000017974
0.008919574999993074
0.009525718000020333
0.009142461999999796
0.00949695399998518
0.009095301999991534
0.009505923999995503


104858-nodes_524213-edges.npy

0.024177898000004916
0.018860114999995403
0.018584548999967865
0.01882036799997877
0.018734623999989708
0.018671468999968965
0.01886256699998512


209716-nodes_1049713-edges.npy

0.049951114999998936
0.04262111499997445
0.04165313800001513
0.04156850000003942
0.042155610999998316
0.04148119000001316
0.041128660000026684


419431-nodes_2096818-edges.npy

0.1051162999999633
0.09096834999996872
0.09048120500000323
0.08966154300003382
0.09076384999997344
0.09043156400002772
0.0913260119999677


838861-nodes_4198931-edges.npy

0.20887128800001165
0.18017787200000157
0.17937242599998626
0.18209158100000877
0.18219376199999715
0.1827621570000133
0.18221511900003406


1677722-nodes_8388555-edges.npy

0.4123419670000317
0.3711116059999995
0.3730145520000292
0.372189843000001
0.3770945690000076
0.3689829379999878
0.3649796500000093


3355444-nodes_16773419-edges.npy

0.8744882359999906
0.7814138900000103
0.7731680950000168
0.7814235870000061
0.7674672280000436
0.7643642819999741
0.7634343240000021


6710887-nodes_33558661-edges.npy

1.9592104909999648
1.798432799000011
1.7970633809999867
1.789350402000025
1.7893269020000275
1.7994766080000204
1.793177973000013


13421773-nodes_67118838-edges.npy

4.382801178999955
4.040708613999982
4.058024749000026
4.063204788999997
4.047736411000017
4.004224574000034
4.059040568


26843546-nodes_134208713-edges.npy

9.242886909999982
8.546274409999967
8.545410548000007
8.498127390000036
8.512917818999995
8.484234939999965
8.482644829000037


53687092-nodes_268453346-edges.npy

18.76055863600004
17.66705729199998
17.787492378000024
17.817069189999984
17.804010833000007
17.799459359000025
17.667065139999977


107374183-nodes_536841980-edges.npy

38.885064603000046
36.47302199799992
36.242729042000065
36.44413816499991
36.31577835500002
36.3866595259999
36.38450799299994


214748365-nodes_1073796575-edges.npy



GEE Stock



twitch.npy

3.639713122000103
0.20804170300016267
0.20847789900017233
0.20906449100039026
0.2083450329992047
0.2084164329999112
0.20838985899990803


orkut.npy

6.055726390000018
4.482714050000141
4.481636049999906
4.483495915000276
4.481099599999652
4.481612555000538
4.482175506000203


pokec.npy

1.6779246650003188
1.6759436679994906
1.6781311220001953
1.676928300000327
1.6754622779999409
1.6744474000006448
1.6778323290000117


friendster.npy

112.2391693489999


GEE Stock



orkut.npy



Numba Serial



orkut.npy



GEE Stock



liveJournal.npy



GEE Stock



liveJournal.npy

7.74361702799979
4.293432161000055
4.286354244999529
4.285117387000355
4.2831215980004345
4.286310188999778
4.283290342999862


Numba Serial



orkut.npy

499.1857680720004
499.9497499930003
500.34429001399985


Numba Serial



twitch.npy



Numba Serial



pokec.npy

132.96822022400002
133.44837739900004
133.20461574499996


liveJournal.npy

302.18838325799993
300.772079395
301.95510805699996


Numba Serial



orkut-groups.npy



Numba Serial



friendster.npy



Numba Serial



friendster.npy

