# Numba Parallel

1639-nodes_8082-edges.npy

4.167127485000037
0.000987485999985438
0.0007243520000201897


3277-nodes_16403-edges.npy

0.001677255000004152
0.0014413769999919168
0.0011800739999898724


6554-nodes_32771-edges.npy

0.0032110100000863895
0.0020664840000108597
0.003015986000036719


13108-nodes_65841-edges.npy

0.006546943999978794
0.004479200999981003
0.006453938999925413


26215-nodes_130928-edges.npy

0.01345473599997149
0.013042416999951456
0.010087795999993432


52429-nodes_262273-edges.npy

0.027542409999909978
0.022060471000031612
0.02720445500006008


104858-nodes_524213-edges.npy

0.05830532200002381
0.05785037199996168
0.057040773000039735


209716-nodes_1049713-edges.npy

0.1183535469999697
0.12463948399999936
0.12043278800001644


419431-nodes_2096818-edges.npy

0.2574213929999587
0.246575474999986
0.25693905499997527


838861-nodes_4198931-edges.npy

0.51493088299992
0.5172999750000145
0.5107033950000641


1677722-nodes_8388555-edges.npy

0.9914955730000656
0.9906591239999898
0.9786328059999505


3355444-nodes_16773419-edges.npy

2.064421777000007
2.013709065999933
2.000948749000031


6710887-nodes_33558661-edges.npy

4.158937917999992
4.121524165999972
4.1736436129999674


13421773-nodes_67118838-edges.npy

8.657037622000075
8.575226014000009
8.658644600999992


26843546-nodes_134208713-edges.npy

17.861981033000006
17.912331748000042
17.728335544999936


53687092-nodes_268453346-edges.npy

36.2267433909999
37.88304169799994
37.85444383000004


107374183-nodes_536841980-edges.npy

85.37684589200012
84.9559456909999
85.01781986100013


214748365-nodes_1073796575-edges.npy

