# Numba Parallel

1639-nodes_8082-edges.npy

4.167127485000037
0.000987485999985438
0.0007243520000201897


3277-nodes_16403-edges.npy

0.001677255000004152
0.0014413769999919168
0.0011800739999898724


6554-nodes_32771-edges.npy

0.0032110100000863895
0.0020664840000108597
0.003015986000036719


13108-nodes_65841-edges.npy

0.006546943999978794
0.004479200999981003
0.006453938999925413


26215-nodes_130928-edges.npy

0.01345473599997149
0.013042416999951456
0.010087795999993432


52429-nodes_262273-edges.npy

0.027542409999909978
0.022060471000031612
0.02720445500006008


104858-nodes_524213-edges.npy

0.05830532200002381
0.05785037199996168
0.057040773000039735


209716-nodes_1049713-edges.npy

0.1183535469999697
0.12463948399999936
0.12043278800001644


419431-nodes_2096818-edges.npy

0.2574213929999587
0.246575474999986
0.25693905499997527


838861-nodes_4198931-edges.npy

0.51493088299992
0.5172999750000145
0.5107033950000641


1677722-nodes_8388555-edges.npy

0.9914955730000656
0.9906591239999898
0.9786328059999505


3355444-nodes_16773419-edges.npy

2.064421777000007
2.013709065999933
2.000948749000031


6710887-nodes_33558661-edges.npy

4.158937917999992
4.121524165999972
4.1736436129999674


13421773-nodes_67118838-edges.npy

8.657037622000075
8.575226014000009
8.658644600999992


26843546-nodes_134208713-edges.npy

17.861981033000006
17.912331748000042
17.728335544999936


53687092-nodes_268453346-edges.npy

36.2267433909999
37.88304169799994
37.85444383000004


107374183-nodes_536841980-edges.npy

85.37684589200012
84.9559456909999
85.01781986100013


214748365-nodes_1073796575-edges.npy


# Numba parallel...again

1639-nodes_8082-edges.npy

3.2102173069999935
0.0009727099999849997
0.0006670729999882496


3277-nodes_16403-edges.npy

0.001607804999991913
0.0013792249999937667
0.0011533419999523176


6554-nodes_32771-edges.npy

0.003014123000014024
0.0020387459999824387
0.00249675500003832


13108-nodes_65841-edges.npy

0.005882694000035826
0.0038571899999624293
0.004961374999993495


26215-nodes_130928-edges.npy

0.011171784999987722
0.010970150999980888
0.007731051999996907


52429-nodes_262273-edges.npy

0.024629296000000522
0.018870901000013873
0.02466929499996695


104858-nodes_524213-edges.npy

0.052044267000042055
0.05219726399997171
0.05178058600000668


209716-nodes_1049713-edges.npy

0.10916497299996308
0.10974659999999403
0.10961555199997974


419431-nodes_2096818-edges.npy

0.2268554699999754
0.2269661880000058
0.2266649819999884


838861-nodes_4198931-edges.npy

0.5100547389999974
0.4577947480000262
0.47958398999998053


1677722-nodes_8388555-edges.npy

0.9662187800000197
0.9170758139999862
0.9158454870000128


3355444-nodes_16773419-edges.npy

1.997774473999982
1.9068018219999772
1.9401985110000055


6710887-nodes_33558661-edges.npy

4.339625329
4.0995464659999925
4.109149189999982


13421773-nodes_67118838-edges.npy

8.896075182999994
8.52908077699999
8.56983354700003


26843546-nodes_134208713-edges.npy

18.671181382000043
17.94485511099998
17.651172958000018


53687092-nodes_268453346-edges.npy

38.70764990600003
37.28800425399993
36.706859619000056


107374183-nodes_536841980-edges.npy

88.95317469700001
85.81722143899992


107374183-nodes_536841980-edges.npy



107374183-nodes_536841980-edges.npy



GEE Stock



1639-nodes_8082-edges.npy

0.6302928239999801
0.0014147829999728856
0.0011173610000696499


3277-nodes_16403-edges.npy

0.0044320580000203336
0.0021531289999074943
0.0018488020000404504


6554-nodes_32771-edges.npy

0.005854656000110481
0.003395247000071322
0.003599545000042781


13108-nodes_65841-edges.npy

0.009569347000024209
0.006294928999977856
0.006793415999936769


26215-nodes_130928-edges.npy

0.018020183999851724
0.014569273000006433
0.014789790999884644


52429-nodes_262273-edges.npy

0.034165743999892584
0.02771763999999166
0.03080837899983635


104858-nodes_524213-edges.npy

0.06894605299999057
0.06338604899997335
0.06314714399991317


209716-nodes_1049713-edges.npy

0.13868747100013934
0.130641106999974
0.13177317600002425


419431-nodes_2096818-edges.npy

0.27838758199982294
0.26496021900015876
0.2652915659998598


838861-nodes_4198931-edges.npy

0.5563914260001184
0.5377023670000654
0.5359397130000616


1677722-nodes_8388555-edges.npy

1.1302342389999467
1.0895457460001126
1.0771054849999473


3355444-nodes_16773419-edges.npy

2.3189859030001116
2.212048262000053
2.2260200749999512


6710887-nodes_33558661-edges.npy

4.898028969000052
4.7398463399999855
4.756803409000213


13421773-nodes_67118838-edges.npy

10.259156986000107
9.836748915000044
9.847930249000001


26843546-nodes_134208713-edges.npy

21.282325179000054
20.553209396000057
20.317747857999848


53687092-nodes_268453346-edges.npy

42.87908778500014
41.58160054699988
40.92426235300013


107374183-nodes_536841980-edges.npy

90.19466566000006
86.6085812350002


GEE Stock



1639-nodes_8082-edges.npy

0.015341180000177701
0.01505122799972014
0.015154352000081417


3277-nodes_16403-edges.npy

0.02991327800009458
0.029791383999963728
0.029397039000286895


6554-nodes_32771-edges.npy

0.05881118199977209
0.05884732399999848
0.058557097999710095


13108-nodes_65841-edges.npy

0.11809481799991772
0.11729882999998154
0.11716848300011407


26215-nodes_130928-edges.npy

0.23574778500005777
0.23403054299978976
0.23259503600002063


52429-nodes_262273-edges.npy

0.47489370199991754
0.4739353760000995
0.470586042999912


104858-nodes_524213-edges.npy

0.9480703460003497
0.9437992690000101
0.9597600729998703


209716-nodes_1049713-edges.npy

1.9194599429997652
1.9219583710000734
1.9247556949999307


419431-nodes_2096818-edges.npy

3.8444963720003216
3.8914981089997127
3.8640235299999404


838861-nodes_4198931-edges.npy

7.740370141999847
7.763476008999987
7.7508018380003705


1677722-nodes_8388555-edges.npy

15.56930206900006
15.551959367000109
15.541018697000254


3355444-nodes_16773419-edges.npy

31.42126658999996
31.297046544000295
31.396776841000246


6710887-nodes_33558661-edges.npy

63.78685171500001
63.59772461200009
63.77113721800015


13421773-nodes_67118838-edges.npy

128.61717174100022
128.752170019
129.10743095499993


26843546-nodes_134208713-edges.npy

263.91783041100007
264.8012442680001
265.1558420329998


53687092-nodes_268453346-edges.npy

538.7872758580002
540.5220244689999
539.8513421260004


107374183-nodes_536841980-edges.npy

1104.3295516590006
1105.0428745569998
1104.3533200439997


214748365-nodes_1073796575-edges.npy

2276.7491634630005
2280.533869945999
2276.7019246359996
