
# Base GEE


1639-nodes_8082-edges.npy

0.01625904000002265
0.016049027999997634
0.01609054600021409
0.016023454000333004
0.016074914999990142
0.01601342599997224
0.016016372999729356


3277-nodes_16403-edges.npy

0.03228944500006037
0.03228393100016547
0.03157223000016529
0.032238977999895724
0.03200364099984654
0.03234434099977079
0.03221483700008321


6554-nodes_32771-edges.npy

0.06452918800005136
0.06395744800011016
0.0637778730001628
0.06320361799998864
0.06382202900022094
0.06295607600031872
0.06352991099993233


13108-nodes_65841-edges.npy

0.12825344000020777
0.1266661589997966
0.12705095299997993
0.1267670300003374
0.12811520800005383
0.12633423299985225
0.12767427399967346


26215-nodes_130928-edges.npy

0.2566590589999578
0.2566688030001387
0.25374476800016055
0.25553192000006675
0.25105433199996696
0.2570196650003709
0.25390399400021124


52429-nodes_262273-edges.npy

0.5151136469999074
0.5076853579998897
0.5179534839999178
0.510479776000011
0.5163458349998109
0.5104082699999708
0.5164356150003186


104858-nodes_524213-edges.npy

1.0320202240000071
1.0359230819999539
1.0348990150000645
1.03248372500002
1.0330151599996498
1.0370645120001427
1.0345855600003233


209716-nodes_1049713-edges.npy

2.080178141000033
2.0855512029997954
2.0826079720000052
2.080167570999947
2.092108959000143
2.079788974999701
2.0871248250000463


419431-nodes_2096818-edges.npy

4.177538059000199
4.189308029000131
4.186666501999753
4.192564107999715
4.192335853000259
4.190351788000044
4.19317206300002


838861-nodes_4198931-edges.npy

8.438090369999827
8.429137663999882
8.410138791999998
8.429927844000304
8.440041255999859
8.445191535000049
8.449319969000044


1677722-nodes_8388555-edges.npy

16.98677945999998
16.961346709999816
16.970110568999644
16.909174953000274
16.92756267300001
16.946591661000184
16.913153684999997


3355444-nodes_16773419-edges.npy

34.13151385499987
34.03694381100013
34.15968984700021
33.97662695300005
34.02958039699979
34.043607863000034
33.91085701899965


6710887-nodes_33558661-edges.npy

68.77491336199955
69.18147977999979
68.64982210300059
68.90280129700022
68.88046023799961
68.91784031800034
68.94160354400083


13421773-nodes_67118838-edges.npy

138.974650612
139.8466383319992
139.38329000799968
139.49706361500012
138.56732410800032
138.98919015699994
139.06161521899958


26843546-nodes_134208713-edges.npy

279.1139732470001
280.723256753
280.1176455750001
280.09900985400054
280.4156670399998
280.1052811190002
280.4295128399999


53687092-nodes_268453346-edges.npy

563.7292427969996
564.2095877150005
564.757414448999
565.0221960569997
564.3900773269997
564.0406189509995
564.0055990180008


107374183-nodes_536841980-edges.npy

1082.3699408049997
1085.9546734930004
1084.7407440460001
1083.4419424059997
1082.692383007
1084.7436634410005
1083.6502439470005


214748365-nodes_1073796575-edges.npy

2198.0943059069996


214748365-nodes_1073796575-edges.npy

2439.238814687
2444.365577611001
2431.1265030349987
2448.6918419910016
2443.5213845120015
2428.2939600400023
2445.227346869


# Numba Serial
